0.000000 10 0.100000
0.000000 300 0.003333
1.386294   1.458255   1.532712   1.609655   1.689071   1.770936   1.855225   1.941904   2.030935   2.122277   2.215881   
1.384628   1.456529   1.530927   1.607812   1.687170   1.768978   1.853210   1.939833   2.028809   2.120097   2.213649   
1.382964   1.454805   1.529144   1.605971   1.685270   1.767021   1.851196   1.937763   2.026685   2.117918   2.211418   
1.381301   1.453082   1.527362   1.604131   1.683372   1.765065   1.849183   1.935695   2.024561   2.115741   2.209189   
1.379639   1.451361   1.525582   1.602292   1.681475   1.763111   1.847172   1.933628   2.022439   2.113565   2.206960   
1.377978   1.449642   1.523803   1.600454   1.679580   1.761158   1.845162   1.931562   2.020319   2.111391   2.204733   
1.376319   1.447923   1.522026   1.598618   1.677685   1.759206   1.843154   1.929497   2.018199   2.109218   2.202508   
1.374662   1.446206   1.520250   1.596784   1.675793   1.757256   1.841147   1.927434   2.016081   2.107046   2.200283   
1.373005   1.444491   1.518476   1.594951   1.673901   1.755307   1.839141   1.925372   2.013964   2.104875   2.198060   
1.371351   1.442777   1.516703   1.593119   1.672011   1.753359   1.837137   1.923312   2.011849   2.102706   2.195838   
1.369697   1.441064   1.514931   1.591289   1.670123   1.751413   1.835134   1.921253   2.009735   2.100538   2.193617   
1.368045   1.439353   1.513161   1.589460   1.668236   1.749468   1.833132   1.919195   2.007622   2.098371   2.191397   
1.366394   1.437643   1.511392   1.587632   1.666350   1.747525   1.831131   1.917139   2.005510   2.096206   2.189179   
1.364745   1.435935   1.509624   1.585806   1.664465   1.745583   1.829132   1.915084   2.003400   2.094041   2.186962   
1.363097   1.434228   1.507858   1.583981   1.662582   1.743642   1.827135   1.913030   2.001291   2.091878   2.184746   
1.361451   1.432522   1.506094   1.582158   1.660701   1.741703   1.825138   1.910977   1.999184   2.089717   2.182531   
1.359805   1.430818   1.504330   1.580336   1.658820   1.739765   1.823143   1.908926   1.997077   2.087556   2.180318   
1.358162   1.429115   1.502569   1.578515   1.656941   1.737828   1.821150   1.906877   1.994972   2.085397   2.178106   
1.356519   1.427413   1.500808   1.576696   1.655064   1.735893   1.819158   1.904828   1.992869   2.083239   2.175895   
1.354878   1.425713   1.499049   1.574878   1.653188   1.733959   1.817167   1.902781   1.990766   2.081083   2.173685   
1.353239   1.424015   1.497291   1.573062   1.651313   1.732026   1.815177   1.900735   1.988665   2.078927   2.171477   
1.351601   1.422317   1.495535   1.571247   1.649440   1.730095   1.813189   1.898691   1.986566   2.076773   2.169269   
1.349964   1.420622   1.493780   1.569433   1.647568   1.728166   1.811202   1.896648   1.984467   2.074620   2.167063   
1.348328   1.418927   1.492027   1.567621   1.645697   1.726237   1.809217   1.894606   1.982370   2.072469   2.164859   
1.346694   1.417234   1.490275   1.565810   1.643828   1.724310   1.807232   1.892565   1.980274   2.070319   2.162655   
1.345062   1.415542   1.488524   1.564001   1.641960   1.722385   1.805250   1.890526   1.978179   2.068170   2.160453   
1.343430   1.413852   1.486775   1.562193   1.640094   1.720460   1.803268   1.888488   1.976086   2.066022   2.158252   
1.341801   1.412163   1.485027   1.560386   1.638229   1.718537   1.801288   1.886452   1.973994   2.063876   2.156052   
1.340172   1.410475   1.483280   1.558581   1.636365   1.716616   1.799310   1.884417   1.971904   2.061731   2.153854   
1.338545   1.408789   1.481535   1.556777   1.634503   1.714696   1.797332   1.882383   1.969814   2.059587   2.151656   
1.336919   1.407105   1.479791   1.554974   1.632642   1.712777   1.795356   1.880351   1.967726   2.057444   2.149461   
1.335295   1.405421   1.478049   1.553173   1.630782   1.710860   1.793381   1.878319   1.965640   2.055303   2.147266   
1.333672   1.403739   1.476308   1.551373   1.628924   1.708944   1.791408   1.876290   1.963554   2.053163   2.145072   
1.332051   1.402059   1.474569   1.549575   1.627068   1.707029   1.789436   1.874261   1.961470   2.051024   2.142880   
1.330430   1.400380   1.472830   1.547778   1.625212   1.705116   1.787466   1.872234   1.959387   2.048887   2.140689   
1.328812   1.398702   1.471094   1.545983   1.623358   1.703204   1.785496   1.870208   1.957306   2.046751   2.138499   
1.327194   1.397025   1.469358   1.544189   1.621506   1.701293   1.783528   1.868184   1.955226   2.044616   2.136311   
1.325578   1.395350   1.467624   1.542396   1.619654   1.699384   1.781562   1.866161   1.953147   2.042482   2.134124   
1.323964   1.393677   1.465892   1.540604   1.617805   1.697476   1.779597   1.864139   1.951069   2.040350   2.131938   
1.322350   1.392005   1.464161   1.538814   1.615956   1.695570   1.777633   1.862118   1.948993   2.038219   2.129753   
1.320739   1.390334   1.462431   1.537026   1.614109   1.693665   1.775670   1.860099   1.946918   2.036089   2.127569   
1.319128   1.388664   1.460702   1.535239   1.612263   1.691761   1.773709   1.858082   1.944845   2.033961   2.125387   
1.317519   1.386996   1.458975   1.533453   1.610419   1.689859   1.771750   1.856065   1.942772   2.031834   2.123206   
1.315911   1.385330   1.457250   1.531668   1.608576   1.687958   1.769791   1.854050   1.940701   2.029708   2.121027   
1.314305   1.383664   1.455526   1.529885   1.606735   1.686058   1.767834   1.852036   1.938632   2.027583   2.118848   
1.312700   1.382001   1.453803   1.528104   1.604894   1.684160   1.765878   1.850024   1.936563   2.025460   2.116671   
1.311097   1.380338   1.452081   1.526323   1.603056   1.682263   1.763924   1.848013   1.934496   2.023338   2.114495   
1.309495   1.378677   1.450361   1.524545   1.601218   1.680367   1.761971   1.846003   1.932431   2.021217   2.112320   
1.307894   1.377017   1.448643   1.522767   1.599382   1.678473   1.760019   1.843994   1.930366   2.019098   2.110147   
1.306295   1.375359   1.446925   1.520991   1.597548   1.676580   1.758069   1.841987   1.928303   2.016979   2.107975   
1.304697   1.373702   1.445209   1.519216   1.595714   1.674689   1.756120   1.839981   1.926241   2.014863   2.105804   
1.303100   1.372047   1.443495   1.517443   1.593882   1.672799   1.754173   1.837977   1.924181   2.012747   2.103634   
1.301505   1.370392   1.441782   1.515671   1.592052   1.670910   1.752226   1.835974   1.922122   2.010633   2.101466   
1.299911   1.368740   1.440070   1.513900   1.590223   1.669023   1.750282   1.833972   1.920064   2.008520   2.099299   
1.298319   1.367088   1.438360   1.512131   1.588395   1.667137   1.748338   1.831972   1.918007   2.006408   2.097133   
1.296728   1.365438   1.436651   1.510364   1.586569   1.665253   1.746396   1.829973   1.915952   2.004298   2.094968   
1.295138   1.363790   1.434943   1.508597   1.584744   1.663370   1.744455   1.827975   1.913898   2.002189   2.092805   
1.293550   1.362143   1.433237   1.506832   1.582920   1.661488   1.742516   1.825979   1.911846   2.000081   2.090643   
1.291963   1.360497   1.431533   1.505069   1.581098   1.659607   1.740578   1.823983   1.909794   1.997974   2.088482   
1.290377   1.358853   1.429829   1.503306   1.579277   1.657728   1.738641   1.821990   1.907744   1.995869   2.086323   
1.288793   1.357210   1.428127   1.501546   1.577458   1.655851   1.736706   1.819997   1.905696   1.993765   2.084165   
1.287211   1.355568   1.426427   1.499786   1.575640   1.653974   1.734772   1.818006   1.903648   1.991662   2.082008   
1.285629   1.353928   1.424727   1.498028   1.573823   1.652099   1.732839   1.816017   1.901602   1.989561   2.079852   
1.284049   1.352289   1.423030   1.496271   1.572008   1.650226   1.730908   1.814028   1.899558   1.987461   2.077697   
1.282471   1.350651   1.421333   1.494516   1.570194   1.648354   1.728978   1.812041   1.897514   1.985362   2.075544   
1.280894   1.349015   1.419638   1.492762   1.568381   1.646483   1.727049   1.810055   1.895472   1.983265   2.073392   
1.279318   1.347381   1.417945   1.491010   1.566570   1.644614   1.725122   1.808071   1.893432   1.981169   2.071242   
1.277743   1.345747   1.416252   1.489259   1.564760   1.642745   1.723196   1.806088   1.891392   1.979074   2.069092   
1.276170   1.344116   1.414562   1.487509   1.562952   1.640879   1.721272   1.804106   1.889354   1.976980   2.066944   
1.274599   1.342485   1.412872   1.485761   1.561145   1.639013   1.719348   1.802126   1.887318   1.974888   2.064798   
1.273029   1.340856   1.411184   1.484014   1.559339   1.637149   1.717427   1.800147   1.885282   1.972797   2.062652   
1.271460   1.339228   1.409497   1.482268   1.557535   1.635287   1.715506   1.798170   1.883248   1.970707   2.060508   
1.269892   1.337602   1.407812   1.480524   1.555732   1.633426   1.713587   1.796193   1.881215   1.968619   2.058365   
1.268326   1.335977   1.406128   1.478781   1.553931   1.631566   1.711669   1.794218   1.879184   1.966532   2.056223   
1.266761   1.334353   1.404446   1.477040   1.552131   1.629707   1.709753   1.792245   1.877154   1.964446   2.054083   
1.265198   1.332731   1.402765   1.475300   1.550332   1.627850   1.707838   1.790272   1.875125   1.962362   2.051944   
1.263636   1.331111   1.401085   1.473561   1.548535   1.625995   1.705924   1.788302   1.873097   1.960278   2.049806   
1.262076   1.329491   1.399407   1.471824   1.546739   1.624140   1.704012   1.786332   1.871071   1.958197   2.047669   
1.260516   1.327873   1.397730   1.470088   1.544944   1.622287   1.702101   1.784364   1.869046   1.956116   2.045534   
1.258959   1.326257   1.396054   1.468354   1.543151   1.620436   1.700192   1.782397   1.867023   1.954037   2.043400   
1.257402   1.324641   1.394380   1.466621   1.541359   1.618586   1.698284   1.780431   1.865001   1.951959   2.041267   
1.255847   1.323028   1.392707   1.464889   1.539569   1.616737   1.696377   1.778467   1.862980   1.949882   2.039136   
1.254294   1.321415   1.391036   1.463159   1.537780   1.614889   1.694471   1.776504   1.860960   1.947807   2.037005   
1.252741   1.319804   1.389366   1.461430   1.535992   1.613043   1.692567   1.774543   1.858942   1.945733   2.034876   
1.251190   1.318194   1.387697   1.459702   1.534206   1.611198   1.690665   1.772583   1.856925   1.943660   2.032749   
1.249641   1.316586   1.386030   1.457976   1.532421   1.609355   1.688763   1.770624   1.854910   1.941589   2.030622   
1.248093   1.314979   1.384364   1.456251   1.530637   1.607513   1.686863   1.768666   1.852896   1.939519   2.028497   
1.246546   1.313374   1.382700   1.454528   1.528855   1.605673   1.684965   1.766710   1.850883   1.937450   2.026374   
1.245001   1.311770   1.381037   1.452806   1.527075   1.603833   1.683067   1.764756   1.848871   1.935382   2.024251   
1.243457   1.310167   1.379375   1.451086   1.525295   1.601995   1.681171   1.762802   1.846861   1.933316   2.022130   
1.241914   1.308566   1.377715   1.449366   1.523517   1.600159   1.679277   1.760850   1.844852   1.931251   2.020010   
1.240373   1.306966   1.376056   1.447649   1.521741   1.598324   1.677384   1.758899   1.842845   1.929188   2.017891   
1.238833   1.305367   1.374399   1.445932   1.519966   1.596490   1.675492   1.756950   1.840839   1.927125   2.015774   
1.237295   1.303770   1.372743   1.444217   1.518192   1.594658   1.673601   1.755002   1.838834   1.925065   2.013658   
1.235758   1.302174   1.371088   1.442504   1.516419   1.592827   1.671712   1.753055   1.836830   1.923005   2.011543   
1.234222   1.300580   1.369435   1.440791   1.514648   1.590997   1.669825   1.751110   1.834828   1.920947   2.009430   
1.232688   1.298987   1.367783   1.439081   1.512879   1.589169   1.667938   1.749166   1.832827   1.918890   2.007318   
1.231155   1.297395   1.366132   1.437371   1.511110   1.587342   1.666053   1.747224   1.830827   1.916834   2.005207   
1.229623   1.295805   1.364483   1.435663   1.509344   1.585517   1.664170   1.745282   1.828829   1.914780   2.003097   
1.228093   1.294216   1.362835   1.433956   1.507578   1.583693   1.662287   1.743342   1.826832   1.912727   2.000989   
1.226564   1.292628   1.361189   1.432251   1.505814   1.581870   1.660407   1.741404   1.824837   1.910675   1.998882   
1.225037   1.291042   1.359544   1.430547   1.504051   1.580049   1.658527   1.739467   1.822843   1.908624   1.996776   
1.223511   1.289458   1.357900   1.428845   1.502290   1.578229   1.656649   1.737531   1.820850   1.906575   1.994671   
1.221986   1.287874   1.356258   1.427144   1.500530   1.576410   1.654772   1.735596   1.818858   1.904527   1.992568   
1.220463   1.286292   1.354618   1.425444   1.498771   1.574593   1.652897   1.733663   1.816868   1.902481   1.990466   
1.218941   1.284712   1.352978   1.423746   1.497014   1.572777   1.651023   1.731731   1.814879   1.900436   1.988366   
1.217420   1.283133   1.351340   1.422049   1.495258   1.570963   1.649150   1.729801   1.812892   1.898392   1.986267   
1.215901   1.281555   1.349703   1.420353   1.493504   1.569150   1.647279   1.727872   1.810906   1.896349   1.984169   
1.214383   1.279979   1.348068   1.418659   1.491751   1.567338   1.645409   1.725944   1.808921   1.894308   1.982072   
1.212867   1.278404   1.346434   1.416966   1.489999   1.565528   1.643540   1.724018   1.806937   1.892268   1.979977   
1.211352   1.276830   1.344802   1.415275   1.488249   1.563719   1.641673   1.722093   1.804955   1.890230   1.977883   
1.209838   1.275258   1.343171   1.413585   1.486500   1.561912   1.639807   1.720169   1.802974   1.888193   1.975790   
1.208326   1.273687   1.341541   1.411896   1.484753   1.560105   1.637943   1.718247   1.800995   1.886157   1.973698   
1.206815   1.272117   1.339913   1.410209   1.483007   1.558301   1.636080   1.716326   1.799017   1.884122   1.971608   
1.205306   1.270549   1.338286   1.408523   1.481262   1.556497   1.634218   1.714407   1.797040   1.882089   1.969519   
1.203798   1.268983   1.336660   1.406839   1.479519   1.554695   1.632358   1.712488   1.795064   1.880057   1.967432   
1.202291   1.267417   1.335036   1.405156   1.477777   1.552895   1.630499   1.710572   1.793090   1.878026   1.965345   
1.200786   1.265853   1.333414   1.403474   1.476036   1.551096   1.628641   1.708656   1.791117   1.875997   1.963260   
1.199282   1.264291   1.331792   1.401794   1.474297   1.549298   1.626785   1.706742   1.789146   1.873969   1.961177   
1.197779   1.262730   1.330172   1.400115   1.472559   1.547501   1.624930   1.704829   1.787176   1.871942   1.959094   
1.196278   1.261170   1.328554   1.398437   1.470823   1.545706   1.623077   1.702918   1.785207   1.869917   1.957013   
1.194778   1.259612   1.326937   1.396761   1.469088   1.543912   1.621224   1.701008   1.783240   1.867893   1.954933   
1.193279   1.258055   1.325321   1.395087   1.467354   1.542120   1.619374   1.699099   1.781274   1.865870   1.952855   
1.191782   1.256499   1.323706   1.393413   1.465622   1.540329   1.617524   1.697192   1.779309   1.863849   1.950778   
1.190287   1.254945   1.322093   1.391741   1.463891   1.538540   1.615676   1.695286   1.777346   1.861829   1.948702   
1.188792   1.253392   1.320482   1.390071   1.462162   1.536751   1.613830   1.693381   1.775384   1.859810   1.946627   
1.187299   1.251840   1.318871   1.388402   1.460434   1.534965   1.611984   1.691478   1.773423   1.857793   1.944554   
1.185808   1.250290   1.317263   1.386734   1.458707   1.533179   1.610141   1.689576   1.771464   1.855777   1.942482   
1.184317   1.248742   1.315655   1.385067   1.456982   1.531395   1.608298   1.687675   1.769506   1.853762   1.940412   
1.182828   1.247194   1.314049   1.383402   1.455258   1.529612   1.606457   1.685776   1.767549   1.851749   1.938342   
1.181341   1.245648   1.312444   1.381739   1.453535   1.527831   1.604617   1.683878   1.765594   1.849736   1.936274   
1.179855   1.244104   1.310841   1.380077   1.451814   1.526051   1.602779   1.681982   1.763640   1.847726   1.934207   
1.178370   1.242561   1.309239   1.378416   1.450095   1.524273   1.600942   1.680087   1.761687   1.845716   1.932142   
1.176887   1.241019   1.307639   1.376756   1.448376   1.522496   1.599106   1.678193   1.759736   1.843708   1.930078   
1.175405   1.239478   1.306039   1.375098   1.446659   1.520720   1.597272   1.676301   1.757786   1.841702   1.928015   
1.173924   1.237939   1.304442   1.373442   1.444944   1.518946   1.595439   1.674410   1.755838   1.839696   1.925954   
1.172445   1.236402   1.302845   1.371786   1.443230   1.517173   1.593608   1.672520   1.753890   1.837692   1.923894   
1.170967   1.234865   1.301250   1.370133   1.441517   1.515401   1.591777   1.670632   1.751945   1.835689   1.921835   
1.169490   1.233330   1.299657   1.368480   1.439805   1.513631   1.589949   1.668745   1.750000   1.833688   1.919777   
1.168015   1.231797   1.298065   1.366829   1.438095   1.511862   1.588121   1.666860   1.748057   1.831688   1.917721   
1.166541   1.230265   1.296474   1.365179   1.436387   1.510095   1.586295   1.664975   1.746115   1.829689   1.915666   
1.165069   1.228734   1.294884   1.363531   1.434679   1.508328   1.584471   1.663093   1.744175   1.827692   1.913612   
1.163598   1.227205   1.293296   1.361884   1.432974   1.506564   1.582647   1.661211   1.742236   1.825696   1.911560   
1.162128   1.225677   1.291710   1.360239   1.431269   1.504801   1.580826   1.659331   1.740298   1.823701   1.909509   
1.160660   1.224150   1.290124   1.358594   1.429566   1.503039   1.579005   1.657452   1.738361   1.821707   1.907460   
1.159193   1.222625   1.288540   1.356952   1.427864   1.501278   1.577186   1.655575   1.736426   1.819715   1.905411   
1.157727   1.221101   1.286958   1.355310   1.426164   1.499519   1.575368   1.653699   1.734493   1.817725   1.903364   
1.156263   1.219578   1.285377   1.353670   1.424465   1.497761   1.573552   1.651824   1.732560   1.815735   1.901318   
1.154800   1.218057   1.283797   1.352032   1.422768   1.496005   1.571737   1.649951   1.730629   1.813747   1.899274   
1.153339   1.216538   1.282219   1.350395   1.421072   1.494250   1.569923   1.648079   1.728700   1.811760   1.897231   
1.151879   1.215019   1.280642   1.348759   1.419377   1.492496   1.568111   1.646209   1.726772   1.809775   1.895189   
1.150420   1.213502   1.279066   1.347124   1.417683   1.490744   1.566300   1.644340   1.724845   1.807791   1.893149   
1.148963   1.211987   1.277492   1.345491   1.415992   1.488993   1.564491   1.642472   1.722919   1.805808   1.891110   
1.147507   1.210472   1.275919   1.343860   1.414301   1.487244   1.562683   1.640606   1.720995   1.803827   1.889072   
1.146052   1.208960   1.274348   1.342229   1.412612   1.485496   1.560876   1.638741   1.719072   1.801847   1.887035   
1.144599   1.207448   1.272778   1.340600   1.410924   1.483749   1.559071   1.636877   1.717151   1.799868   1.885000   
1.143147   1.205938   1.271209   1.338973   1.409238   1.482004   1.557267   1.635015   1.715230   1.797891   1.882966   
1.141696   1.204429   1.269642   1.337347   1.407553   1.480260   1.555464   1.633154   1.713312   1.795915   1.880934   
1.140247   1.202922   1.268076   1.335722   1.405869   1.478517   1.553663   1.631294   1.711394   1.793940   1.878903   
1.138799   1.201416   1.266511   1.334099   1.404187   1.476776   1.551863   1.629436   1.709478   1.791967   1.876873   
1.137353   1.199911   1.264948   1.332477   1.402506   1.475037   1.550065   1.627579   1.707564   1.789995   1.874844   
1.135908   1.198408   1.263386   1.330856   1.400826   1.473298   1.548268   1.625724   1.705650   1.788024   1.872817   
1.134464   1.196906   1.261826   1.329237   1.399148   1.471561   1.546472   1.623870   1.703738   1.786055   1.870791   
1.133022   1.195406   1.260267   1.327619   1.397472   1.469826   1.544678   1.622017   1.701828   1.784087   1.868767   
1.131581   1.193907   1.258709   1.326003   1.395796   1.468092   1.542885   1.620166   1.699918   1.782120   1.866743   
1.130141   1.192409   1.257153   1.324388   1.394122   1.466359   1.541093   1.618316   1.698010   1.780155   1.864722   
1.128703   1.190913   1.255598   1.322774   1.392450   1.464627   1.539303   1.616467   1.696104   1.778191   1.862701   
1.127266   1.189418   1.254045   1.321162   1.390779   1.462897   1.537514   1.614620   1.694199   1.776228   1.860682   
1.125831   1.187924   1.252493   1.319551   1.389109   1.461169   1.535727   1.612774   1.692295   1.774267   1.858664   
1.124397   1.186432   1.250942   1.317942   1.387441   1.459441   1.533941   1.610930   1.690392   1.772307   1.856647   
1.122964   1.184941   1.249393   1.316334   1.385774   1.457716   1.532156   1.609087   1.688491   1.770349   1.854632   
1.121532   1.183452   1.247845   1.314727   1.384108   1.455991   1.530373   1.607245   1.686592   1.768392   1.852618   
1.120102   1.181964   1.246298   1.313122   1.382444   1.454268   1.528591   1.605405   1.684693   1.766436   1.850605   
1.118673   1.180477   1.244753   1.311518   1.380781   1.452546   1.526811   1.603566   1.682796   1.764481   1.848594   
1.117246   1.178992   1.243209   1.309916   1.379120   1.450826   1.525032   1.601728   1.680901   1.762528   1.846584   
1.115820   1.177508   1.241667   1.308314   1.377460   1.449107   1.523254   1.599892   1.679006   1.760576   1.844575   
1.114395   1.176025   1.240126   1.306715   1.375801   1.447390   1.521478   1.598057   1.677113   1.758626   1.842568   
1.112972   1.174544   1.238586   1.305116   1.374144   1.445673   1.519703   1.596224   1.675222   1.756677   1.840562   
1.111550   1.173064   1.237048   1.303519   1.372488   1.443959   1.517929   1.594392   1.673332   1.754729   1.838557   
1.110130   1.171586   1.235511   1.301924   1.370834   1.442245   1.516157   1.592561   1.671443   1.752782   1.836554   
1.108710   1.170108   1.233976   1.300330   1.369181   1.440533   1.514386   1.590732   1.669555   1.750837   1.834552   
1.107293   1.168633   1.232442   1.298737   1.367529   1.438823   1.512617   1.588904   1.667669   1.748894   1.832551   
1.105876   1.167158   1.230909   1.297145   1.365879   1.437114   1.510849   1.587077   1.665785   1.746951   1.830552   
1.104461   1.165685   1.229378   1.295555   1.364230   1.435406   1.509082   1.585252   1.663901   1.745010   1.828554   
1.103047   1.164214   1.227848   1.293967   1.362582   1.433699   1.507317   1.583428   1.662019   1.743071   1.826558   
1.101635   1.162743   1.226319   1.292379   1.360936   1.431994   1.505553   1.581606   1.660138   1.741132   1.824562   
1.100224   1.161275   1.224792   1.290794   1.359291   1.430291   1.503791   1.579785   1.658259   1.739195   1.822568   
1.098814   1.159807   1.223266   1.289209   1.357648   1.428588   1.502030   1.577965   1.656381   1.737260   1.820576   
1.097406   1.158341   1.221742   1.287626   1.356006   1.426887   1.500270   1.576147   1.654505   1.735326   1.818584   
1.095999   1.156876   1.220219   1.286044   1.354365   1.425188   1.498512   1.574330   1.652630   1.733393   1.816594   
1.094593   1.155413   1.218697   1.284464   1.352726   1.423490   1.496755   1.572514   1.650756   1.731461   1.814606   
1.093189   1.153951   1.217177   1.282885   1.351089   1.421793   1.494999   1.570700   1.648883   1.729531   1.812618   
1.091786   1.152490   1.215658   1.281308   1.349452   1.420098   1.493245   1.568887   1.647012   1.727602   1.810632   
1.090384   1.151031   1.214140   1.279731   1.347817   1.418404   1.491492   1.567076   1.645143   1.725675   1.808648   
1.088984   1.149573   1.212624   1.278157   1.346183   1.416711   1.489741   1.565266   1.643274   1.723749   1.806665   
1.087585   1.148116   1.211109   1.276583   1.344551   1.415020   1.487991   1.563457   1.641407   1.721824   1.804683   
1.086188   1.146661   1.209596   1.275011   1.342920   1.413330   1.486242   1.561650   1.639542   1.719900   1.802702   
1.084792   1.145207   1.208084   1.273440   1.341291   1.411642   1.484495   1.559844   1.637677   1.717978   1.800723   
1.083397   1.143755   1.206573   1.271871   1.339663   1.409955   1.482749   1.558039   1.635815   1.716058   1.798745   
1.082003   1.142304   1.205064   1.270303   1.338036   1.408269   1.481004   1.556236   1.633953   1.714138   1.796768   
1.080611   1.140854   1.203556   1.268737   1.336411   1.406585   1.479261   1.554434   1.632093   1.712220   1.794793   
1.079220   1.139405   1.202049   1.267172   1.334787   1.404902   1.477520   1.552634   1.630234   1.710304   1.792819   
1.077831   1.137958   1.200544   1.265608   1.333164   1.403221   1.475779   1.550835   1.628377   1.708388   1.790847   
1.076443   1.136513   1.199040   1.264046   1.331543   1.401541   1.474040   1.549037   1.626521   1.706474   1.788875   
1.075056   1.135068   1.197538   1.262485   1.329924   1.399862   1.472303   1.547241   1.624666   1.704562   1.786905   
1.073671   1.133625   1.196037   1.260925   1.328305   1.398185   1.470567   1.545446   1.622813   1.702651   1.784937   
1.072287   1.132184   1.194537   1.259367   1.326688   1.396509   1.468832   1.543653   1.620961   1.700741   1.782970   
1.070904   1.130744   1.193039   1.257810   1.325073   1.394835   1.467099   1.541861   1.619111   1.698832   1.781004   
1.069523   1.129305   1.191542   1.256255   1.323458   1.393162   1.465367   1.540070   1.617261   1.696925   1.779039   
1.068143   1.127867   1.190046   1.254701   1.321846   1.391490   1.463636   1.538281   1.615414   1.695020   1.777076   
1.066764   1.126431   1.188552   1.253148   1.320234   1.389819   1.461907   1.536493   1.613567   1.693115   1.775114   
1.065387   1.124997   1.187059   1.251597   1.318624   1.388151   1.460179   1.534706   1.611722   1.691212   1.773154   
1.064011   1.123563   1.185568   1.250047   1.317016   1.386483   1.458452   1.532921   1.609879   1.689310   1.771195   
1.062637   1.122131   1.184078   1.248499   1.315408   1.384817   1.456727   1.531137   1.608036   1.687410   1.769237   
1.061263   1.120701   1.182589   1.246951   1.313802   1.383152   1.455004   1.529355   1.606195   1.685511   1.767281   
1.059891   1.119271   1.181102   1.245406   1.312198   1.381489   1.453281   1.527573   1.604356   1.683614   1.765326   
1.058521   1.117843   1.179616   1.243861   1.310595   1.379827   1.451561   1.525794   1.602518   1.681717   1.763372   
1.057152   1.116417   1.178132   1.242318   1.308993   1.378166   1.449841   1.524016   1.600681   1.679823   1.761420   
1.055784   1.114991   1.176648   1.240777   1.307393   1.376507   1.448123   1.522239   1.598846   1.677929   1.759469   
1.054417   1.113568   1.175167   1.239237   1.305794   1.374849   1.446406   1.520463   1.597011   1.676037   1.757519   
1.053052   1.112145   1.173686   1.237698   1.304196   1.373193   1.444691   1.518689   1.595179   1.674146   1.755570   
1.051688   1.110724   1.172207   1.236160   1.302600   1.371538   1.442977   1.516916   1.593348   1.672257   1.753624   
1.050326   1.109304   1.170729   1.234624   1.301005   1.369884   1.441264   1.515145   1.591518   1.670369   1.751678   
1.048965   1.107886   1.169253   1.233089   1.299412   1.368232   1.439553   1.513375   1.589689   1.668482   1.749734   
1.047605   1.106469   1.167778   1.231556   1.297820   1.366581   1.437843   1.511606   1.587862   1.666597   1.747791   
1.046247   1.105053   1.166305   1.230024   1.296229   1.364931   1.436135   1.509839   1.586036   1.664713   1.745849   
1.044889   1.103639   1.164832   1.228494   1.294640   1.363283   1.434428   1.508073   1.584212   1.662830   1.743909   
1.043534   1.102226   1.163361   1.226964   1.293052   1.361636   1.432722   1.506309   1.582389   1.660949   1.741970   
1.042179   1.100814   1.161892   1.225437   1.291466   1.359991   1.431018   1.504546   1.580567   1.659069   1.740032   
1.040826   1.099404   1.160424   1.223910   1.289881   1.358347   1.429315   1.502784   1.578747   1.657191   1.738096   
1.039474   1.097995   1.158957   1.222385   1.288297   1.356705   1.427614   1.501024   1.576928   1.655313   1.736161   
1.038124   1.096587   1.157492   1.220862   1.286715   1.355064   1.425914   1.499265   1.575110   1.653438   1.734228   
1.036775   1.095181   1.156028   1.219339   1.285134   1.353424   1.424215   1.497507   1.573294   1.651563   1.732296   
1.035427   1.093776   1.154565   1.217818   1.283554   1.351785   1.422518   1.495751   1.571479   1.649690   1.730365   
1.034081   1.092373   1.153104   1.216299   1.281976   1.350148   1.420822   1.493996   1.569666   1.647819   1.728436   
1.032736   1.090971   1.151644   1.214781   1.280399   1.348513   1.419127   1.492243   1.567854   1.645948   1.726508   
1.031392   1.089570   1.150185   1.213264   1.278824   1.346879   1.417434   1.490491   1.566043   1.644079   1.724581   
1.030050   1.088170   1.148728   1.211749   1.277250   1.345246   1.415742   1.488740   1.564234   1.642212   1.722656   
1.028709   1.086772   1.147273   1.210235   1.275677   1.343614   1.414052   1.486991   1.562426   1.640346   1.720732   
1.027369   1.085375   1.145818   1.208722   1.274106   1.341984   1.412363   1.485243   1.560620   1.638481   1.718809   
1.026031   1.083980   1.144365   1.207211   1.272536   1.340356   1.410675   1.483497   1.558815   1.636617   1.716888   
1.024693   1.082586   1.142913   1.205701   1.270968   1.338728   1.408989   1.481752   1.557011   1.634755   1.714968   
1.023358   1.081193   1.141463   1.204192   1.269401   1.337102   1.407304   1.480008   1.555209   1.632895   1.713049   
1.022023   1.079802   1.140014   1.202685   1.267835   1.335478   1.405621   1.478266   1.553408   1.631035   1.711132   
1.020690   1.078412   1.138566   1.201179   1.266271   1.333855   1.403939   1.476525   1.551608   1.629177   1.709216   
1.019359   1.077023   1.137120   1.199675   1.264708   1.332233   1.402258   1.474785   1.549810   1.627321   1.707302   
1.018028   1.075636   1.135675   1.198172   1.263146   1.330613   1.400579   1.473047   1.548013   1.625466   1.705389   
1.016699   1.074250   1.134232   1.196670   1.261586   1.328994   1.398901   1.471311   1.546218   1.623612   1.703477   
1.015372   1.072866   1.132790   1.195170   1.260028   1.327376   1.397225   1.469575   1.544423   1.621759   1.701566   
1.014045   1.071482   1.131349   1.193671   1.258470   1.325760   1.395550   1.467841   1.542631   1.619908   1.699657   
1.012720   1.070101   1.129910   1.192174   1.256914   1.324145   1.393876   1.466109   1.540839   1.618059   1.697750   
1.011396   1.068720   1.128472   1.190678   1.255360   1.322532   1.392204   1.464377   1.539050   1.616210   1.695843   
1.010074   1.067341   1.127035   1.189183   1.253806   1.320920   1.390533   1.462648   1.537261   1.614363   1.693938   
1.008753   1.065963   1.125600   1.187690   1.252254   1.319309   1.388863   1.460919   1.535474   1.612518   1.692035   
1.007433   1.064586   1.124166   1.186198   1.250704   1.317700   1.387195   1.459192   1.533688   1.610673   1.690132   
1.006115   1.063211   1.122733   1.184707   1.249155   1.316092   1.385528   1.457467   1.531904   1.608830   1.688232   
1.004798   1.061837   1.121302   1.183218   1.247607   1.314486   1.383863   1.455742   1.530121   1.606989   1.686332   
1.003482   1.060465   1.119872   1.181730   1.246061   1.312881   1.382199   1.454019   1.528339   1.605149   1.684434   
1.002168   1.059094   1.118443   1.180243   1.244516   1.311277   1.380536   1.452298   1.526559   1.603310   1.682537   
1.000854   1.057724   1.117016   1.178758   1.242972   1.309675   1.378875   1.450578   1.524780   1.601473   1.680642   
0.999543   1.056356   1.115590   1.177274   1.241430   1.308074   1.377215   1.448859   1.523002   1.599637   1.678748   
0.998232   1.054989   1.114166   1.175792   1.239889   1.306474   1.375557   1.447142   1.521226   1.597802   1.676855   
0.996923   1.053623   1.112743   1.174311   1.238350   1.304876   1.373900   1.445426   1.519452   1.595969   1.674963   
0.995615   1.052259   1.111321   1.172831   1.236812   1.303279   1.372244   1.443711   1.517678   1.594137   1.673074   
0.994309   1.050896   1.109901   1.171353   1.235275   1.301684   1.370590   1.441998   1.515906   1.592307   1.671185   
0.993004   1.049534   1.108482   1.169876   1.233740   1.300090   1.368937   1.440286   1.514136   1.590477   1.669298   
0.991700   1.048173   1.107064   1.168401   1.232206   1.298497   1.367286   1.438576   1.512366   1.588650   1.667412   
0.990397   1.046814   1.105648   1.166927   1.230674   1.296906   1.365636   1.436867   1.510599   1.586823   1.665527   
0.989096   1.045457   1.104233   1.165454   1.229142   1.295316   1.363987   1.435159   1.508832   1.584998   1.663644   
0.987796   1.044100   1.102819   1.163982   1.227613   1.293728   1.362340   1.433453   1.507067   1.583175   1.661762   
0.986498   1.042745   1.101407   1.162512   1.226084   1.292141   1.360694   1.431748   1.505304   1.581352   1.659882   
0.985201   1.041392   1.099996   1.161044   1.224557   1.290555   1.359049   1.430045   1.503541   1.579532   1.658003   
0.983905   1.040039   1.098587   1.159576   1.223032   1.288971   1.357406   1.428343   1.501780   1.577712   1.656125   
0.982610   1.038688   1.097179   1.158110   1.221507   1.287388   1.355764   1.426642   1.500021   1.575894   1.654249   
0.981317   1.037339   1.095772   1.156646   1.219985   1.285807   1.354124   1.424943   1.498263   1.574077   1.652374   
0.980025   1.035991   1.094366   1.155183   1.218463   1.284227   1.352485   1.423245   1.496506   1.572262   1.650500   
0.978734   1.034644   1.092962   1.153721   1.216943   1.282648   1.350848   1.421548   1.494751   1.570448   1.648628   
0.977445   1.033298   1.091560   1.152260   1.215424   1.281070   1.349211   1.419853   1.492997   1.568635   1.646757   
0.976157   1.031954   1.090158   1.150801   1.213907   1.279494   1.347577   1.418160   1.491244   1.566824   1.644888   
0.974871   1.030611   1.088758   1.149343   1.212391   1.277920   1.345943   1.416467   1.489493   1.565014   1.643019   
0.973585   1.029269   1.087360   1.147887   1.210876   1.276347   1.344311   1.414776   1.487743   1.563206   1.641153   
0.972301   1.027929   1.085962   1.146432   1.209363   1.274775   1.342680   1.413087   1.485995   1.561399   1.639287   
0.971018   1.026590   1.084566   1.144978   1.207851   1.273204   1.341051   1.411399   1.484248   1.559593   1.637423   
0.969737   1.025252   1.083172   1.143526   1.206341   1.271635   1.339423   1.409712   1.482502   1.557789   1.635561   
0.968457   1.023916   1.081778   1.142075   1.204832   1.270068   1.337797   1.408026   1.480758   1.555986   1.633699   
0.967178   1.022581   1.080387   1.140626   1.203324   1.268501   1.336172   1.406342   1.479015   1.554184   1.631839   
0.965901   1.021247   1.078996   1.139177   1.201818   1.266937   1.334548   1.404660   1.477273   1.552384   1.629981   
0.964625   1.019915   1.077607   1.137731   1.200313   1.265373   1.332926   1.402979   1.475533   1.550585   1.628124   
0.963350   1.018584   1.076219   1.136285   1.198809   1.263811   1.331305   1.401299   1.473795   1.548788   1.626268   
0.962076   1.017255   1.074832   1.134841   1.197307   1.262250   1.329685   1.399620   1.472057   1.546992   1.624413   
0.960804   1.015926   1.073447   1.133398   1.195806   1.260691   1.328067   1.397943   1.470321   1.545197   1.622560   
0.959533   1.014599   1.072063   1.131957   1.194307   1.259133   1.326450   1.396268   1.468587   1.543404   1.620709   
0.958264   1.013274   1.070681   1.130517   1.192809   1.257576   1.324835   1.394593   1.466854   1.541612   1.618858   
0.956995   1.011950   1.069300   1.129078   1.191312   1.256021   1.323221   1.392920   1.465122   1.539821   1.617009   
0.955728   1.010627   1.067920   1.127641   1.189817   1.254467   1.321608   1.391249   1.463391   1.538032   1.615162   
0.954463   1.009305   1.066542   1.126205   1.188323   1.252915   1.319997   1.389579   1.461662   1.536245   1.613316   
0.953198   1.007985   1.065165   1.124771   1.186830   1.251364   1.318387   1.387910   1.459935   1.534458   1.611471   
0.951935   1.006666   1.063789   1.123338   1.185339   1.249814   1.316779   1.386243   1.458208   1.532673   1.609627   
0.950674   1.005348   1.062415   1.121906   1.183849   1.248266   1.315172   1.384577   1.456484   1.530890   1.607785   
0.949413   1.004032   1.061042   1.120475   1.182360   1.246719   1.313566   1.382912   1.454760   1.529107   1.605945   
